0,309
0,308
0,307
0,301
0,975
0,304
0,303
0,12
0,11
0,10
0,8
651,1
651,0
650,3
650,2
650,1
650,0
649,5
649,4
649,3
649,2
649,1
649,0
648,3
648,2
648,1
648,0
647,3
647,2
647,1
647,0
646,3
646,2
646,1
646,0
645,3
645,2
645,1
645,0
644,3
644,2
644,1
644,0
643,3
643,2
643,1
643,0
642,3
642,2
642,1
642,0
641,3
641,2
641,1
641,0
639,3
639,2
639,1
639,0
638,4
638,3
638,2
638,1
638,0
637,3
637,2
637,1
637,0
636,5
636,4
636,3
636,2
636,1
636,0
634,3
634,2
634,1
634,0
633,3
633,2
633,1
633,0
632,3
632,2
632,1
632,0
631,3
631,2
631,1
631,0
630,3
630,2
630,1
630,0
629,3
629,2
629,1
629,0
628,3
628,2
628,1
628,0
627,3
627,2
627,1
627,0
626,3
626,2
626,1
626,0
625,3
625,2
625,1
625,0
624,3
624,2
624,1
624,0
623,11
623,10
623,9
623,8
623,7
623,6
623,5
623,4
623,3
623,2
623,1
623,0
622,3
622,2
622,1
622,0
621,3
621,2
621,1
621,0
620,3
620,2
620,1
620,0
619,3
619,2
619,1
619,0
618,3
618,2
618,1
618,0
617,3
617,2
617,1
617,0
616,3
616,2
616,1
616,0
615,3
615,2
615,1
615,0
614,3
614,2
614,1
614,0
613,5
613,4
613,3
613,2
613,1
613,0
612,3
612,2
612,1
612,0
611,3
611,2
611,1
611,0
610,3
610,2
610,1
610,0
609,3
609,2
609,1
609,0
608,3
608,2
608,1
608,0
607,3
607,2
607,1
607,0
606,3
606,2
606,1
606,0
605,3
605,2
605,1
605,0
604,3
603,3
602,3
601,3
600,3
599,3
598,3
597,5
597,4
597,3
597,2
596,3
595,3
594,3
4,3
4,2
4,1
4,0
3,6
3,5
3,4
3,3
3,2
3,1
3,0
2,7
2,6
2,5
2,4
2,3
2,2
2,1
2,0
1,3
1,2
1,1
1,0
0,998
0,997
0,990
0,984
0,243
0,9
0,1
651,2
651,3
652,1
652,2
652,4
652,5
653,1
653,3
654,0
654,2
654,3
655,1
655,3
656,0
656,2
656,3
657,1
657,2
658,0
658,2
658,3
659,1
659,2
660,0
660,2
660,3
661,1
661,2
662,0
662,1
662,3
663,1
663,2
663,4
663,5
666,1
666,3
666,4
666,6
666,7
667,0
667,1
667,3
667,5
667,6
670,1
670,2
671,0
671,2
671,3
672,1
672,2
672,4
673,1
673,2
674,0
674,1
674,3
677,0
677,2
678,0
678,1
678,3
679,0
679,2
679,4
679,5
679,8
679,9
679,11
679,12
679,14
679,16
679,17
679,19
679,20
679,22
679,24
679,25
679,27
679,28
679,30
679,31
679,33
679,35
679,36
679,65
679,66
679,68
679,70
679,71
679,73
679,74
679,76
679,78
679,79
679,81
679,82
679,84
679,85
679,87
679,89
679,90
679,92
679,93
679,95
679,97
679,98
679,100
679,101
679,103
679,104
679,106
679,108
679,109
679,111
679,112
679,114
679,116
679,117
679,119
679,120
679,122
679,123
679,125
679,127
679,128
679,130
679,131
679,133
679,135
679,136
679,138
679,139
679,141
679,142
679,144
680,1
680,2
680,4
680,5
681,1
681,3
682,0
682,2
682,3
684,1
684,3
684,4
684,7
684,8
684,10
684,11
684,13
684,15
684,16
684,18
684,19
684,21
684,23
684,24
684,26
684,27
684,29
684,30
684,32
684,34
684,35
684,64
684,65
684,67
684,69
685,0
685,2
685,3
685,5
686,0
686,2
686,3
686,1
685,4
685,1
684,68
684,66
684,36
684,33
684,31
684,28
684,25
684,22
684,20
684,17
684,14
684,12
684,9
684,5
684,2
684,0
682,1
681,2
681,0
680,3
680,0
679,143
679,140
679,137
679,134
679,132
679,129
679,126
679,124
679,121
679,118
679,115
679,113
679,110
679,107
679,105
679,102
679,99
679,96
679,94
679,91
679,88
679,86
679,83
679,80
679,77
679,75
679,72
679,69
679,67
679,64
679,34
679,32
679,29
679,26
679,23
679,21
679,18
679,15
679,13
679,10
679,7
679,3
679,1
678,2
677,3
677,1
674,2
673,3
673,0
672,3
672,0
671,1
670,3
670,0
667,4
667,2
666,8
666,5
666,2
666,0
663,3
663,0
662,2
661,3
661,0
660,1
659,3
659,0
658,1
657,3
657,0
656,1
655,2
655,0
654,1
653,2
653,0
652,3
652,0
0,300
0,299
0,298
0,297
0,296
0,295
0,294
0,293
0,292
0,291
0,290
0,289
0,288
0,287
0,286
0,285
0,284
0,283
0,282
0,281
0,280
0,279
0,278
0,277
0,276
0,275
0,274
0,273
0,272
0,271
0,270
0,269
0,268
0,267
0,266
0,265
0,264
0,263
0,262
0,261
0,260
0,259
0,258
0,257
0,256
0,255
0,254
0,253
0,252
0,251
0,250
0,249
0,248
0,247
0,246
0,245
0,244
0,242
0,241
0,240
0,239
0,238
0,237
0,236
0,235
0,234
0,233
0,232
0,231
0,230
0,229
0,228
0,227
0,226
0,225
0,224
0,223
0,222
0,221
0,220
0,219
0,218
0,217
0,216
0,215
0,214
0,213
0,212
0,211
0,210
0,209
0,208
0,207
0,206
0,205
0,204
0,203
0,202
0,201
0,200
0,199
0,198
0,197
0,196
0,195
0,194
0,193
0,192
0,63
0,62
0,61
0,60
0,59
0,58
0,57
0,56
0,55
0,54
0,53
0,52
0,51
0,50
0,49
0,48
0,47
0,46
0,45
0,6
0,0
0,5
0,306
0,305
0,302
0,4
0,2
0,3
0,7
